495322733
759230942
355808773
966524527
493617572
154672855
144636796
156628136
158780189
777611622
995935724
432333109
505327111
280220823
736740109
208608342
421371253
790031234
149939404
380063643
964934819
517014076
300287329
387869799
645601388
642454565
978484609
354859873
158064745
178513729
429610550
126171709
147976121
91072982
220749115
950492404
981839336
492878653
866936991
75196331
928968044
375425252
631240881
491003664
489302285
7753711
387377333
440599173
687270659
395291629
452658922
198144916
425269632
587327104
250322604
576372289
695789673
517498742
612909975
394121549
251486384
501998829
40870390
408789377
360803415
449094676
382841655
18989971
407432633
297068213
454766465
714215160
553963048
423087958
813010325
881516787
515840886
557662346
280193834
880975409
184358137
862792041
319423598
217300477
711047959
938475789
780788111
805949782
443158673
703732066
355301709
682370116
396372968
364193631
84167249
875068304
832421459
657905930
830302920
95203271
614818479
657651440
77494898
692202538
274212433
15129724
746562349
851977733
13660786
771742042
114401317
635820127
499337093
153894271
939907555
189613730
906749729
403736852
748595625
380865284
248917826
552386482
787073162
121182481
545835311
580117017
471810307
439190227
249939366
41743296
370516855
154900450
513491743
250491628
110926164
965806501
23531218
594898809
829006947
680964934
752157925
765127471
711913846
396446855
130088514
223880761
842835297
611246294
436030409
189538566
271892821
902271317
245561905
302530763
850594834
166232996
165086318
313415344
878585001
429830245
856329567
435000275
626521777
697472150
739814422
1802797
918415611
782552329
396743696
8416495
266596398
918934115
90276897
920421025
220130854
374851803
424197944
952655141
30016397
466792290
26068224
868390251
146614401
12095336
190957179
992880805
676788622
512353144
604692505
507306576
234081104
235695810
613111214
927513906
5026949
59838573
742627321
31430664
844141735
1125838
309580234
22309471
133308791
194560113
498541911
94049085
278630386
888033855
857452205
42431284
131459542
172630425
20991810
712909397
387066622
348492544
745815552
184798855
495886342
729239044
406232233
977275967
726200096
368350540
292038827
378901054
833705741
70322948
394614552
505449431
249772320
353175460
818802587
607748991
705411418
107188248
696150554
381236561
564166178
783339555
446667793
946917225
64187186
299321481
721034840
993478204
291872688
943030134
782527774
211294159
623274366
65866096
241058585
179857966
725948213
419665272
166814391
422320144
7574105
84908879
571070420
941183717
275720435
696489312
738659833
39539524
184506569
965246947
627213280
565476650
59417702
781495829
295202623
567833836
857516917
450288364
873710458
391247630
906754814
509684778
9682362
835560916
377279716
824489532
888802325
503459074
825298168
600748875
694952953
122624997
166267258
43536935
85847148
875290783
627923916
907853922
741235311
668815547
968923359
905101321
270684236
724850970
344738652
790448385
289534405
136789660
887535122
584558461
119561224
809816493
766844404
740505193
31019479
415973042
296636897
542622376
586167570
452904984
223146584
220826988
888882780
884467923
406503721
394349998
491916401
383690099
254312291
891620334
708775380
395957863
358224917
659944878
228042901
100321507
514420784
200627312
673795461
179747031
543740047
682582845
589854230
730188712
828685757
330788110
783146966
429336036
90540627
667602367
913153580
759458
109989293
39317035
618185959
589510092
195897377
912915842
758933474
522774180
102817183
15556319
68414003
112270240
175909477
398383631
587686409
223859570
390621891
188084334
543554503
672802371
319936279
881423483
216737432
241089341
906957584
459876545
7597947
882544186
159900230
283910863
223670343
296918395
144593095
987028316
425604122
361327104
92485947
151778553
421943847
839824730
4836403
406095586
95528157
595861622
119716885
66399269
323276705
647970116
276710877
273607648
254198818
63321164
491823999
529071036
611219355
660250671
788466387
781666865
570372083
121935331
663177325
620036594
83498551
612061794
851313778
274934600
517969303
957048898
386644033
716761672
117854583
852529069
533589501
461656432
88954421
620788520
92186862
350254131
523116287
995561702
630312177
239186419
829119046
37070623
959483629
672703330
360270918
423100850
15573803
36883995
715962806
913208372
866289763
753272263
910949338
570841617
678466262
571311079
188536857
838619597
982356432
416607824
58966946
403632187
797959737
791072839
159397326
100669763
522942089
828062469
719988854
891460656
370429517
540641950
137402691
586665018
552385054
7984173
59700510
211877377
529911887
614314826
906463100
676948615
948494284
638505241
958728096
272597775
64943929
101559218
208163117
420847496
925472657
135047563
187837826
367453785
322945217
539376286
834267671
581485459
207791218
70639805
299967709
658032679
160384605
35319347
677920455
824247549
194227969
701662741
659308079
63714965
910441212
423101860
863748732
238301981
297978813
72627973
505494269
940309551
208708696
634540587
558456283
384559111
626999909
220906575
63715621
55247827
737918033
283742224
190961007
630169187
946764007
543528465
410127934
271156967
123020548
64454483
642084674
313291058
180708248
748906903
284206
8021486
399058669
119088594
335424690
594923177
496344585
260282833
543494946
68744793
927362298
588634647
903150349
879522794
423951975
892651004
282775882
278434828
228439953
251804137
44049071
431265883
939735212
975616648
89826461
732366975
143355859
104725355
204575052
164801112
8549383
756547639
47984483
606374862
776956705
83797684
67041127
175168203
253206298
156174243
248123615
502946196
852564213
582444015
720904394
236388656
805669134
949378919
577755930
294441157
216852098
76552340
152311779
926846079
753541815
77798252
994931648
150185232
262420493
24569678
740352094
277349383
186375262
267416468
453343755
822797322
650215114
666148937
969298539
187986363
413688080
852604649
401465372
411701581
283057173
651058759
706815193
678918055
736171430
288157494
372808839
635439412
352839170
545065210
410832245
53715909
597387067
963605384
213727736
34517674
80899282
164958979
991024657
743291681
778187930
630818721
377222098
61460330
596342236
589433120
848050845
478124813
906286768
780985698
921546481
244572913
41021623
184914899
140975208
921566377
557772639
57816560
743469932
427072743
1704522
727113329
673345525
150982467
952173892
574582757
785529026
477619891
763255959
992518352
191886011
875993465
447622232
229339269
823033916
538772242
896396600
428943748
930895912
388734984
195847665
681636762
877853783
219789150
91130849
774148944
766974051
969193278
156678325
663448101
869036996
428067380
742853988
334662714
383254951
415936966
579090688
992902929
318842781
927681172
396458621
284877830
714625859
409322099
927965601
964743809
653262743
232022951
645893270
458673763
69663100
751388888
72084225
917276848
589448959
152568592
30650926
531194892
315911372
14510959
872804848
254858410
750297129
862817530
592153287
69806566
286366205
195696589
349234690
335830217
843884639
331024767
712321778
421480593
663996097
59141273
203931300
571437318
628258403
506003209
825377991
527700630
928675447
258664484
632556822
795582629
817047570
135651052
965314980
260657668
520905963
149083154
662489953
143529861
785762248
1362811
254225312
710752010
892808781
897041479
422568590
479804836
912694276
815197156
422679932
483802747
157488752
328404623
509728778
734236987
194879082
943217499
623881358
167636544
169434337
390093522
566338246
548014965
870455607
857003450
362943122
480202117
292252861
28049770
591446746
134151758
614436432
450977716
79062693
20697040
920621099
975372967
43685046
400402991
571531479
676443988
851689200
160032595
891012544
119190918
254032454
388847352
45784457
667193625
855998717
3016050
555788461
339912590
383596231
852303600
712620637
130257329
716037913
826418692
665907899
343890653
592544969
58917093
47683767
339151631
937137516
570167708
601586173
845763602
27915102
578587881
144855392
872608958
772111798
138815449
443986368
951532570
395606337
576174366
403187052
851613527
1222265
806911287
810987360
770952954
891149515
326067575
249034955
869824109
493477450
137760128
131963654
193428238
235995920
585417517
389089270
962962918
842715164
868922167
189162140
556951270
884943825
507962019
265139692
194910717
637500774
888086196
259640528
42584995
242082974
663343059
309467038
911826367
203637749
424985599
437006093
572711612
557817241
71688934
35905212
566100325
365500129
821966244
461125351
142200740
591843043
930104340
19613298
946472838
550923816
393854662
100636633
396348048
345909301
283936924
890593853
26451007
355753758
190887597
388849126
474058481
974055919
610844746
496064197
953601695
556238178
452621728
784696146
160217814
212215513
381133463
109754274
761039517
519140222
411435908
282178024
216253398
933892302
198029470
506398265
685047874
181579366
430623479
56080442
6271802
710890370
266850849
804382921
418093747
814387461
475417554
87187142
678238976
421133481
69406740
280717047
246805522
154958338
490293130
603314076
268787875
69222901
950252942
19381890
727207010
87736660
675382886
627346221
703861902
569945582
450865600
167154008
162431996
28409372
928900577
933009831
807111080
144391462
955299943
599642841
696594769
411426990
401522624
652302304
24348589
57063748
15890536
59720015
707984764
680944634
859665782
784960399
105155917
947778000
918486455
132722394
45124128
755370961
935982499
696213196
600874290
588083428
62668047
256790463
370963389
336139160
249503260
911735050
536529620
135201484
397676260
467223636
312424140
220391194
501673803
707254655
187670914
40330429
432181190
50373654
925837202
368212868
81015035
542949861
555062572
582603868
598755044
774567592
936105578
270270989
23195258
80975053
946133529
517780992
1228147
113487477
924630868
908331867
880198575
393319927
334014159
287328079
671314977
208400842
272648432
852363467
912242229
656051796
200575750
433929156
354763860
118987946
631714585
343577790
169580743
358721827
695229873
390924416
439458143
414076810
44597676
668029193
657252776
36276144
4859398
124504024
709725358
917035605
840471141
918887962
72696851
960370334
839465812
720916584
812375569
767421186
75022529
278945988
43623539
473007622
820814643
88733858
759446315
385222101
727617579
726382099
116813922
715895213
73997084
56532103
990887004
72043060
604183942
126106300
295526016
768583119
279847286
116551445
744555716
518430132
87979376
467605760
456390803
139192278
853248076
103395006
93020050
833105783
633152387
299741212
368729284
29887486
122268664
919634747
684812002
159910686
366896678
533817842
762544213
445882209
379934506
271013379
103393665
622677502
407159728
786374039
881936060
131163485
243347626
700541157
628953961
648108690
453004192
567713131
887071709
797972278
982872788
890560003
334759041
384682862
132679581
172475694
188702432
709760855
901082925
45306406
867685578
356561089
247651500
475435364
407825703
950181188
195958625
230759144
654787758
320940715
896682838
641999031
188699433
493907856
161608288
713747082
702440000
423431607
528316172
801060012
53766274
765670122
72876348
912705691
214869442
683896013
688071183
907333585
627327390
770885603
419743651
664953900
136449584
314979309
862136767
520430956
495380201
189357650
137023231
427297705
514115125
702173398
909245262
393224426
11772796
51345776
620787886
203928547
71385387
531364903
841616841
500188834
436811849
206727937
415081698
628110868
261074387
148349004
440596946
586882009
468286707
314281908
557610265
516949523
352101562
30668906
45169055
936828375
475030883
667789065
997253079
571305976
143353407
793511751
674079842
305639671
468155111
401815607
323499774
101718783
793417633
778475010
103110348
215491113
706048672
692750664
187715795
501986215
9216850
318950000
310273253
950523535
321260823
863111047
67137330
45748830
392127223
782313214
200040280
587038529
718567507
359318342
59350025
393601970
818771446
242531315
345159947
560082507
439248734
155564084
851275774
94822876
687326021
15255797
384598223
639248641
810136694
164042151
172916348
150348546
375755890
23050097
837078631
814243689
88032790
374511369
25260254
611221590
299406968
784657261
208668943
487723399
22768628
772001512
148304956
228805675
750971793
809600873
39210880
347242762
143594979
625614540
788382862
413303959
319877552
466300390
11287210
724870289
812914971
360969111
342920791
460947518
352782594
206244272
697601895
782650282
6643729
508352184
813594317
525519258
790694031
699201109
100317691
778154339
484120378
447487155
993748088
40517080
434544414
738268611
897987769
802543524
109311799
13501745
786994797
869178069
613921841
648106092
288188546
204348364
149662471
279651
79339117
560847280
909654968
526066553
445929371
7416996
767570251
380276994
267996897
459835844
261696749
864221783
91968659
302903851
477121002
625108862
56508699
996152548
271520119
394334309
416432901
858423866
782760802
604746521
570573267
242508111
864534241
508025542
170567819
375585136
882876990
854414459
992106981
759515517
653847394
728695518
748200354
651474535
524419219
586393249
339660466
135629941
814332499
100682417
257370110
606012113
663356350
506364884
193545010
894589259
802651426
479834967
245074534
385552168
258294310
391250256
824296930
365465578
464924811
26428836
240895132
206942243
946609085
464957118
443294972
769314871
920962801
788898604
292870326
15487080
154098048
612350263
606701818
529184952
756556339
124807548
437917315
584477113
49808135
15064549
174024019
584080604
239110626
592061327
966763313
552950930
626534611
568953307
382101944
916612622
237463962
656842092
147342918
266979865
599532342
900410116
494010725
198064017
399194711
630490659
819133599
963251039
465305105
431475087
461832344
782002973
751812316
167888699
57202737
717901871
393487944
491457578
930114389
362927767
739460569
461728878
379352952
437515710
951125367
577871554
365659666
894784564
657517177
954113128
566426401
544246409
245282679
662520254
390090578
644423910
863681497
977748469
312033232
898123928
40051651
173182416
185609563
284602767
344471957
625508684
234842713
17383052
320266137
207702749
478186964
710630122
128305317
56584638
101622068
592153278
986727304
427916138
324905022
558354746
982536546
592303193
65331861
116703975
497712219
2030239
531715579
129847032
353951558
901575541
959571759
921773709
787060339
940155895
971700349
590412417
928130455
407365819
478579936
182519388
860941720
472974136
200159011
957926149
319819167
556008599
217985978
685569034
135918253
593417003
855281712
805067029
707534322
432295697
289869675
792956547
305753323
407325114
218706778
131539144
741393982
362879663
205263511
726015944
894654401
653774696
14869042
219066448
269721758
573964497
267006633
418904307
180191053
566109871
118966319
50215662
502578118
759783338
315932538
862687978
830645910
43324117
703112307
309137489
188192753
849309096
76335704
233416123
58487274
902667763
616886306
156023380
391328805
662292573
398945830
954307310
838122486
441928246
594691917
102085775
182996244
774447411
159888171
222612079
737138912
125242129
92370050
254175862
723825905
271905278
660845853
502847064
869336531
171691319
852053577
867167357
323479386
866132875
957616794
701688311
794551499
751462907
298887266
332857552
942173123
361883657
487581804
861141199
477979821
666601499
714836230
181436937
962275987
392611851
662553953
803351985
918292680
782812667
355074782
410201838
50898321
682021264
209434025
195237495
643482102
209361976
683595416
173965603
969986184
599976598
803969112
329029556
129053276
112981263
1222064
429738558
263427646
881921061
650007500
903650108
675986060
843483074
128339879
721007924
558841003
237286779
309442140
257459131
172344474
225834883
303581171
297116452
845341148
602824695
595640037
867491640
503375030
335435346
84612415
614971518
224259317
22831826
904513997
125934985
275178096
533522387
327052576
2841473
968097480
424362165
880099128
379921498
524165573
25857743
744855259
941479220
685900924
930749993
25661706
710460965
174798736
641304476
672537395
626287098
389723811
264266684
303644518
536542429
657968809
987245107
700690411
69359907
987913635
687165248
956656978
65003685
413383567
301030204
129788843
457186542
749877734
320575203
341452281
842036556
839065054
370356849
638396759
17429930
922152363
297125383
712894831
735427731
467826012
760881283
94144580
655859549
541935642
821783156
311179765
177795517
316608764
27427344
632610158
906969981
127566796
754450659
12771244
546912559
959289354
791836793
585395512
73889442
406714085
241162352
366757202
548334868
893805720
606437900
845750272
78920609
733441379
962528236
274580637
148309256
638418356
27416371
826234099
904001298
634406018
903329894
979475214
461697550
858008673
262009022
559932953
884747302
133554909
300381530
929682536
206885182
965103799
752623402
783334139
540895595
625694917
640470796
607597461
789382832
66551156
885684065
270829403
431550158
64815036
459676094
994143980
488977026
697527570
781346033
353291743
57488622
557421678
873019679
964362419
318142033
699136400
210502085
47599773
583260981
909630952
496378563
72384910
156721740
269783976
894278188
332375375
15489125
293406795
307981171
967540115
472016249
150600884
80821484
951668175
179134437
605286797
68135254
307144003
167295357
195087024
361188812
253643195
233384699
209768685
59134130
886084300
177132527
635325148
339471572
477402921
842759965
352345450
425584467
332129776
149443394
609490946
480307228
921817493
841645415
456179462
551877651
950742856
792845757
368293050
503984898
996278852
998907086
589204499
875842938
673167552
763001612
792395348
352075805
785480497
370629212
382393775
460237392
123694336
11547385
125438323
389542207
365536326
856640364
540295604
805642462
510026470
228410849
834833024
384829543
501742290
552719140
437208734
552255794
242945076
121386610
595404990
919575784
620112837
151636558
701980435
572519673
821198302
490910537
755852067
85033718
883001101
892576299
688391212
102022345
930632517
926145002
541813861
785228312
265459107
943801909
794358682
289619201
480430725
329607858
331058782
23530882
562280568
676287760
191584524
62249211
234633685
779613693
437460334
620444133
149932772
930719814
986860450
468966650
484610808
100497589
214380128
149519447
504117860
641193937
292120468
401886128
605457153
666839249
735106619
359780225
930318295
84848433
310951616
369223209
847562769
540379122
962750426
607490730
465875675
600016998
948338446
128391575
256824436
275276905
967806512
381740199
660741193
400835529
901226067
45011908
260681657
294057396
294437698
507499789
216669484
107289565
506378289
621554864
454021948
986960657
343421634
509657563
851244551
523647404
909719491
681997352
546075851
190828683
823273793
831790414
199106502
309416308
718767164
533798314
371639306
173114585
406833314
924648976
991161791
672809891
836706385
695350044
400304660
668741752
918021083
554243651
673244956
857667593
347902787
461948666
576408890
480534350
244505993
712171342
938189133
592683763
206628470
730056389
626963582
743683219
258488831
313421239
773662207
256683116
248640415
944614174
385039833
271760827
857875762
749424476
951222904
890479368
276483701
538870369
709474318
62993532
46966445
292514546
52639372
402948675
228815768
52995769
336667643
385372450
860593408
723310892
510672352
704351907
109378165
365829129
61501395
326789209
492695422
257967943
620824042
334504471
958841822
308962220
133152251
79756200
177625706
320427969
668545919
512067787
350612701
405078516
332926335
959505980
739134741
185294196
643786980
139752898
384994654
256937927
794233860
555939667
56176774
551376045
214486717
227720333
152780997
429716221
528731121
286764733
987980026
144470184
953531675
230150899
137844450
348346796
398864787
57347428
888033460
20422561
224568702
100179815
545573273
718521453
274625603
705670378
921778546
433996269
614587725
596689364
63593102
105389094
956060658
496720360
224577671
11443750
116526507
420925479
689655625
842796098
543359337
697348510
785094353
597140782
499751102
529236227
93580613
890929188
384716712
990567878
891955801
152282404
94435002
898761192
657560385
526271791
469269238
753829116
972108691
437373338
212696173
322631227
840398412
396742310
11533978
257916306
266733435
348676483
430746900
445548667
916438428
365995573
269999504
887875641
493724408
118268261
491947543
627315515
884910149
930087864
984141096
230800840
482735377
631789445
793571157
800430077
701342240
753340077
284990826
904408095
429696526
733584872
980303836
17325106
491794677
119160067
114753739
877073532
403956584
711670307
938437688
496563111
608983405
465571560
552460219
80841553
274034615
164653251
530942987
911637182
496719047
457463749
180501269
92920043
577083511
622407822
533444335
646385510
813438483
600734849
682430576
302512196
265991681
251139815
66162252
285109485
328418985
529739811
304243045
169952685
299201023
273145011
423243961
500469098
133613154
150127911
692650782
937292313
605087475
902820978
38565038
993444467
580977970
909721966
741721015
667956110
846495257
798911432
504007837
738687350
982821628
816750798
102567984
404937534
609523282
521455625
395378547
201363366
136450780
871975886
455327014
186641066
703301704
449663001
501784089
517126474
217589819
62945410
276852281
740685982
64391271
6355156
295557083
76284374
875406249
96754998
645641505
705150219
195490285
47955230
935563137
806120480
209170441
702561427
497009864
664384079
653885497
639881546
331053413
346473741
863900382
150880564
288717651
908498188
577435771
485523241
396365711
989066933
370715425
396519416
224171484
871307354
768993235
845117041
306436938
457143835
904476318
688480195
617635889
493668096
139930016
220898994
3685902
392674551
300719456
496650650
552629508
636327663
860168022
407124362
571597141
435431194
196207976
890536625
511844771
292292095
732773421
850963419
46391643
214467657
60087505
342316523
264091396
528605536
718353532
808030835
499993745
668672778
784308606
461075769
362214202
574851313
525277589
185065759
252407079
432740763
452893584
64684382
662753769
272003895
568577633
945108778
333185869
260036186
7459802
845072410
421625043
216413749
189743816
236160633
107974171
232474676
117261902
942199928
460577669
469464961
804489617
256642385
332791733
331085076
362530887
295408025
903185880
620060068
449180466
789160394
710698580
427956603
703695253
618021147
593649707
937731988
639568364
634009254
216542251
256062386
387688537
550490510
67689618
555186458
722832508
847361186
702056645
261184391
619142768
682590364
897109142
858096708
763658126
143825701
80126338
828206067
352018159
669536407
411214772
351485916
560224550
9261520
446021842
522950268
478492945
457160235
977381969
834147229
743863713
717468795
899586861
213199969
377937894
410677516
189545546
608818246
387476367
264026049
215212805
25905927
498333939
624514393
194937387
975498487
464589987
482155273
881473129
894850946
139649278
290065710
302570578
244567701
122151213
13604134
488775377
358691564
212640475
744908651
504350731
622167768
963647044
74353879
323436317
511956397
46352231
1248678
260467228
474121687
534012596
204085696
3169670
79708661
499531052
435036078
180904290
274386074
999332383
23961853
935524363
341222225
84916648
340450842
891665
953865789
94682869
321703354
851151796
979732493
372516164
671173711
761309811
682910392
360194109
815751454
379886337
710540193
638751534
652806254
445996850
380309438
891392383
88684227
323700436
146658765
317449282
67787439
491512078
284051406
463008809
634325089
329149631
934867582
234694568
311869139
196515891
673895149
60147835
213905599
373558367
893226040
221684148
263282436
123587896
178892144
837421130
498699903
942150421
80495573
818850024
340437473
662346335
703729280
240656524
957863589
449435486
16541456
99063008
425142318
916459514
917986877
312052606
169352902
609835960
375514295
990855944
310331640
561910028
857699128
834044035
734454598
118434058
463553705
311130528
180610815
459572731
868845076
314913861
96900298
778105855
26614923
982214738
79604625
461735406
83249057
803770142
195740751
418016729
147890321
920992734
787943339
194627145
736193387
669926142
119856190
420438083
32161232
589325590
683812895
684631746
990209720
797441865
576526358
320875361
199977685
490811829
937738411
380302214
962546485
181352717
30645284
599921259
137660759
625144586
388270737
876065307
999344958
217913989
554876861
182532731
709390284
20768310
385875678
988837540
579150884
45820759
311766462
484741806
151326656
145903636
212727730
9565691
787437253
337560626
167489490
744507390
301785284
331842750
231888430
582611568
443823005
327998590
20270443
651910728
430520786
209057973
322565515
790651230
108128362
647455632
945418914
303200434
674197832
733412905
979137792
237979664
317470269
801677449
328373737
365196647
331609635
699713533
767566064
881612204
830038106
258544237
377866942
444148168
890043705
227074381
244139600
876747264
719317383
35270664
665525983
330450028
837982727
909127707
275532801
826874826
905535120
753901037
430665539
530242035
464413480
277888996
973229857
240184806
632921448
989589795
210395871
144853272
643049428
717172911
570225909
908421635
758696990
486936514
133800482
92018348
953588343
129693402
447734989
636642790
495224707
746155103
991954769
859144021
823585643
783579765
816371596
176060358
178389113
582038799
392766921
140945276
504247379
658433778
417401374
849464128
767448707
788825834
471831956
785450016
464589774
915598830
632980897
737354423
872100702
98650148
190695179
249626572
780974538
92055689
533105442
880302322
634200499
222472070
203165683
700866681
213882024
475517379
664764226
701372551
226101087
38489678
480944046
814978375
978318397
269376910
223756064
178220298
705196911
89766036
715670752
824291829
439307127
869726326
177633118
711870792
910227778
747868697
992407767
388514247
626551239
262213738
680054985
517706461
678350769
780607519
110153962
901409916
596325659
701912725
588670891
499715804
305010094
347842099
80650560
163691913
380540820
17769783
440170086
461120400
67120724
529199219
669977255
376042058
829133824
903711424
927063485
988527205
224998255
642779924
363787273
391835243
710731678
348065137
963705574
537056403
165258758
463393331
433481517
204252790
444526358
6998257
379239086
521890726
242159169
343470992
246102873
672520244
657103988
278742707
838672445
750509745
866497542
874233320
912227386
174156014
556444491
475645850
54066635
361550997
369029925
957519404
476729838
742778015
834273534
553298192
747013685
224560674
356831232
16130894
407449698
549928016
118045259
541269305
965957513
622987563
399028517
389826460
765206294
271302732
163386917
11138625
241079485
467701151
717663110
477383393
487296907
258829280
55214964
75947042
576877292
979847610
635404949
146337183
314916427
424810361
311358925
750076561
923465136
55733059
50217476
833369208
534047460
770701169
191456796
442975170
291933882
816404020
718694252
218415118
629250434
970929804
14590749
172497127
444946085
780651489
42018316
936198405
723836745
201339328
198954087
237290912
343373077
315698572
513872833
447812336
265169617
976063282
613740824
193400874
46416507
124444182
597293113
75266050
165497276
645599649
688999285
664712110
134362182
642977194
286453019
33022874
761981599
632512945
139858710
643424637
917644193
543271094
425250922
467922378
379542902
154291725
759558873
475204366
651679743
258092468
467901311
186039673
345528876
15170417
531201106
225445418
213400284
560027103
418123500
639636554
22178615
290701398
750713909
992558086
545300277
166197154
404966154
149236977
258744951
586170721
195696212
220146008
831021097
931203644
278615736
866884219
698451099
487763001
724663665
697217300
702296216
644243468
441927415
853752034
506143480
717608311
389760480
756440708
676467787
775873523
935305879
777443175
174717133
667531739
227434508
997891459
121090422
719071736
361332400
873260897
705227709
546109885
76945500
299490218
802399793
79040669
247379069
254014623
554326070
687875653
391086875
12159362
328511214
257307844
619094809
268939245
138672544
274317925
319388633
342279531
859268958
456183440
642011744
264293197
277243394
600566545
331924596
754055988
700791239
445525304
508368159
465492874
855268158
548969764
743689408
744698874
241292549
921161291
219388436
531682924
527468680
1228384
424777451
819176734
799636017
838381980
829353618
538498436
724544214
970738005
143920195
796492920
257424161
133962166
623240670
876321798
957158734
987506612
638452137
655785513
739257775
319708182
55655551
461204242
20446301
975458501
813440784
472740202
409273368
151647197
812044921
964028828
770220455
298157439
417050417
144087151
172838385
231020497
935546859
954936995
432522252
78545825
776250688
97234285
508434933
113123208
481191091
277117068
938220345
115555939
525227531
471515617
902750691
725979583
954532360
347659484
853902827
367275039
886856100
515362838
294272082
91056594
203279524
976924029
170222979
323633111
446621221
842528447
408560510
808059007
267525066
853752429
168343542
855327578
989240268
803136069
496716443
738826481
119693774
633375868
855452484
936333620
484599625
299065748
713227326
61458284
202298334
509595835
489818939
260632796
929371494
878358051
222573649
867754449
417444219
710759022
55484226
127173600
380286821
993137942
852397718
222696150
919034398
333317283
623783819
277343804
968098723
512988386
689151875
367814288
481011369
857598697
244284042
750772588
674629757
221014633
692227052
345976116
259224419
798368938
964530043
82545919
392658313
405968713
759184042
844810855
618593272
478579032
350413917
609548707
493475929
889999214
158530161
781212747
465896067
379342712
834260827
791862868
360919041
892718696
871821088
882369076
427849530
901178247
383603873
219875882
55348728
817038883
762467664
818862801
871734379
59329237
97758897
220767364
907813957
306361777
657719788
780773940
166080106
823172951
444377307
672505627
43009521
871782148
329241576
596865070
61413132
613241708
359087154
83468577
708730185
772925482
770869433
645474115
666958219
446341276
758112623
612852392
780033073
170891185
116641125
751537017
985517692
151269131
33958641
605264178
483343670
308142772
352243691
526826637
684282806
462658408
424592252
672253743
505433599
884820801
340942170
771473676
724404480
256048251
156603730
791423877
288506263
87939057
50069942
517837744
423672069
970019728
282832266
95345617
115957103
827702753
361572268
835930881
547589784
58538176
139925209
335371069
267886606
114395116
49237205
281001931
262443787
242343731
424255296
298160380
372706233
145595972
20300743
339648928
465117128
822395403
427380201
469594567
879632831
514323883
893117833
313341248
569987480
705044840
576911375
792718691
349735015
488602439
294015930
43602122
946159532
49439789
110972717
993579007
176921357
508103247
913087979
797997209
553645226
721346916
588109003
372948435
213601801
961526115
353628899
788120295
82137756
766954269
527468797
19375459
321534857
612572295
276588373
857978545
328226514
877261327
845685083
126135973
370732552
682426082
59919492
930616831
143037136
570173877
172530521
953639997
638557405
893761086
318922513
337020984
704010121
300832903
807456357
379203873
272233577
413980032
157076928
553623722
678252810
902774095
192034182
754128944
329424586
422056542
671410587
149365408
280222500
663268950
380355135
480203395
292552355
609093539
608219436
682007074
187093083
576937895
718267050
879694491
760839306
177212952
407017492
434110733
80395542
187140896
389864058
340954568
552602453
677234897
940898927
164790729
58592700
196024460
310459587
446890558
754258081
951212011
137727230
471365938
399446882
838096388
493023338
818708925
616805540
670907566
217880618
779771544
980961802
892808060
565724579
222372685
66874100
279007614
706551479
478961539
817444534
333116009
467579486
2894541
397852296
469979605
452099842
754115222
617318395
543051578
40176860
362315891
13121972
872551077
594413938
220311128
729233294
707714804
265059485
984548536
461223089
870875561
739188688
575723261
168439982
319687284
567559853
703364992
416025382
607469890
972798740
400638533
183221879
649300640
665160586
273043807
688769061
110665310
362675955
355725233
979136962
18737037
332407366
623889793
861641
65037745
435528478
261834546
806515692
236612928
687055181
194518937
142739475
873988576
348137516
979816090
117046275
589131662
2416854
825590880
610934267
364425362
470425530
337179893
472967451
699699727
199850591
95038136
60890951
849112289
129613313
242625427
718926051
390300264
352786883
312932858
427381167
242646270
771431658
391023155
519985920
932333716
114878149
138831624
204707463
841408162
546942003
696398743
883643870
908720278
321296875
625426193
483198109
962394427
599842677
871495142
511133881
596489385
371858036
517703564
866406722
955074071
947834216
351415395
598377245
680054143
910415657
944360905
33286351
817941668
997979466
597572125
611042562
487331408
231205885
585843880
450862620
208560292
344788419
272151396
608797876
894721866
892759714
177896659
563906123
71324946
430151801
996168398
344982794
749454970
279486075
717949800
907641879
376707729
312412721
81981657
960581162
172593224
922127625
88512915
67211275
696853562
826387250
968313475
681555867
662039372
944063019
879124436
662068074
296606271
20636659
802993293
848524878
716090927
15423690
24964743
109541096
348827593
343937763
239663424
306257326
977547270
399906032
395920112
36383307
352989235
181544291
60147084
776833367
139340067
88851181
110245755
149165333
824043026
17528318
104968445
805615265
265698274
789428324
564835538
379008320
15668976
509474203
729229754
273234500
684972880
198222384
717008796
781744577
293790949
568848277
658963232
934883300
93662304
811640412
603544776
448249359
258532234
192929954
216298103
707649034
940008681
626105284
852557895
416967993
40629247
56584277
886145768
666026263
529174792
814053822
240463582
579444446
195449395
390487307
4475522
627818129
334880156
39938857
624931140
918302139
395790412
841362552
151521531
544205024
59838585
866235393
442572398
131385589
363221591
310283002
846277220
860743068
466533614
995936376
696472364
10165575
752245595
683659867
438145096
830420197
990002397
599452239
461176996
995379609
856733895
384500249
941790788
864280625
6606007
891766998
820691754
313653729
227922437
965643289
534056240
669648998
199417130
357553526
264927002
720616222
630465367
494514201
415249644
578328125
4986740
808381581
693646640
785730493
908759953
898516169
172577283
934249475
73134316
300939148
614700466
486877191
828024288
205071281
532348113
797611990
427815957
671105807
196717802
166281372
667333483
899885018
390914729
596341529
580221643
594020950
398294256
70415662
340971902
505667512
818918316
454911315
214110722
432280619
260370656
311203419
375654828
162872939
313319653
432564554
240889929
117074018
28998243
42799013
430665165
823296088
579169837
418731679
984413746
830485880
59640711
991794023
788499011
738194553
899646057
808084259
290483873
380925613
986905448
466870501
542859556
697596928
214824483
236681108
754900172
373305460
894146728
651729542
181865794
692707568
881687551
461081776
44742849
273954796
662781255
415189309
503891076
493703639
139585368
107887719
380375060
837441812
375312895
514207881
765835732
448539502
423173514
896882790
106499205
117824012
178578215
542723893
57097278
986630271
902676697
223855984
92733897
737924176
476607241
174831753
780311395
5643020
978391550
54773800
459390852
971135520
786960534
561825331
562782532
110507237
89860240
172746663
663226191
59082185
34404796
583354455
281329085
721382670
215600710
45937337
319394987
271368099
154940178
325537244
474922475
422083344
457739987
414129085
815713135
705439034
571834710
475751811
447707659
317305399
603078211
387993035
478328897
79637924
10536759
603176599
329618818
193579612
945146601
456146530
953452552
92065313
481487665
314274412
526921182
889929946
815227022
585066585
992264205
63981515
651278189
686922605
9289909
149127186
458816937
869728579
232888362
978146182
774195949
491703926
910275799
963389269
828479563
546010863
260523498
440051475
538040833
726380439
719989613
612235197
911345858
251415356
293074307
168308302
345223741
837466963
40026696
538279889
867527138
567492568
322772850
581772794
263227129
987504035
103394137
896505725
283239842
934367992
80158903
707660481
270880492
55543232
479868848
72551225
524191602
879193741
790198747
652378885
468622329
748443442
686390526
739612762
823877017
84174356
823958608
169652009
508992759
752046173
271256602
337458415
180798205
423052895
839941246
272808441
90964086
377079416
483376280
193350527
637738910
956849369
387444116
173657112
588227138
448718469
679399306
862988325
147135872
237485682
468875366
568830971
968159874
802718898
184534258
747505513
124457624
781683294
370614084
685772254
981123867
950728909
862544146
297329754
662916035
235719254
51275087
162685319
5890301
357198316
965902564
34004623
79499202
701463720
243073705
910770830
428648909
727536397
945174189
827881914
365914471
968756682
25234698
268064033
141463825
719937486
313902139
976924104
250600106
253223432
944980124
193535180
608268450
132653595
83310202
78564270
932167138
896167046
121722183
590070199
735230620
966065291
411260895
402876213
157688844
446117875
734014861
865528846
125184466
966458879
100882483
901100057
441264343
190972378
621241619
786364021
830682118
466610851
400372887
502708319
784796959
822918684
833641230
920191488
707869572
535216722
36618704
311568704
350870751
488166392
535013485
349772172
196065175
288640613
522474578
682150961
817733572
698035613
50410310
351138926
814971795
823667612
290704488
720098963
911468944
427950571
721275371
389411671
231422714
793103415
818530177
748272376
38777464
766599417
464683774
943255615
745971990
123456908
76231699
755044251
543566615
9864416
744906921
683042407
728805822
214934152
16353822
378601911
70466834
274502502
793007507
728469338
754056545
242258320
954899123
831717581
796391544
320765971
139174931
863632527
943616526
816726898
955072828
422850536
379456075
732631420
408096949
265349625
259490491
783428108
793181952
478650296
788425010
40639743
711520795
27109508
709119679
655931821
546363177
450960452
301103637
231780693
193376836
262550496
844789191
693816022
534886599
208498426
594772596
472508779
639373928
713503468
666520228
520904219
850760834
545437125
878889698
94390392
660404104
141834383
98950689
946060942
355603240
767694702
391846879
865455843
435056644
956476621
211340581
91448282
435272762
458167906
405567034
410079437
201702372
534618334
840841585
264359223
247181244
757339425
350184649
450173469
715720936
830060012
728181335
248165823
523034557
982503314
633042064
639503338
967723091
95713503
425505348
242300240
667819508
323365676
860116128
589057028
669823731
194161743
172965084
750450830
647571239
403442984
379136890
986859061
664246621
826135938
736470908
98095957
837601212
954906280
190560114
897855937
569930710
536547923
64164952
418311039
907099002
130270964
880509715
243805306
119927741
819987348
312653947
627387091
402893852
848696651
446413895
379672203
784928144
433284549
655979164
825723733
44441813
415365504
969631074
959039801
692234559
996205232
558202383
55335098
542310359
247843079
23055390
431164891
952721728
132436564
156360516
586767903
56439496
478557445
60017463
409864678
26887914
267902321
773497541
150175245
688509307
853499157
746252929
965220193
581071475
75704136
491567839
588521454
791133721
427220723
441338122
611726695
12406126
332806242
292255600
927555942
182810098
499290305
554742107
17392391
788023787
612157494
220120763
48300273
265672560
110462986
707061154
824395808
861624556
676812271
508915535
254999413
972526315
412144854
269868135
49177126
41465124
909983357
371131190
633197653
205666322
370335354
242402087
900694206
949876490
816166065
401383064
482293321
931117405
859842905
725529731
839919998
298915206
480378098
462020461
33067554
238536388
254643780
422432262
697766636
714257312
791043663
410672111
552613858
626229561
254077604
278287580
495895307
547837106
679601239
291271259
140393138
720676905
6020443
243917170
448103436
107433571
401811066
311755831
624657707
359377335
995926861
656380633
579587701
570849414
747687435
680984327
775144774
222965600
672840677
158328511
349728283
841355859
167720133
230639310
467768642
602494513
553006863
773127222
468286750
245468241
78116715
433633917
833005693
8357536
475826229
671083778
866758578
496736741
556654125
365723433
7496941
952472514
139776048
318793801
976293967
811360945
638845246
965470320
891733451
157888217
929649081
287017409
255919115
24139446
529283339
903230606
783236105
622529940
45816156
734351940
700779607
611805401
81256964
467871062
219870521
87737741
608163167
132059459
271785324
61635890
820742234
110916103
311972914
427386864
799012435
457379462
250015625
242952672
887838723
652026950
851711107
849956012
491461163
108689971
631974621
369358932
575212141
599837142
300898668
882961353
257723422
955070620
122359349
671052045
349252338
703533991
341978756
724621041
145879983
979591153
465712829
99077979
479631829
462810223
81032691
617099993
340365978
693601258
258568095
307021349
582770702
325518014
156026751
536436427
843662841
704890295
327664871
28627410
992994034
634473480
851506539
31463836
702908263
486227680
538909694
882214185
632208862
393348545
363539624
552337832
390782693
736811023
411263844
762542490
188405044
457057384
759623457
5914160
77607952
221918107
148062208
918218946
294799394
47256207
626999256
641327635
724188855
809498430
221489742
109043100
459517430
291370108
360405666
979450804
377873930
93961930
71551341
737598402
989739034
830249559
779391848
111429810
853905601
728292532
549442581
390344174
897428730
858026379
666321081
673390881
561145375
921365474
392338475
805342635
320500569
612330117
33664552
372825094
65472045
6041230
227874145
524305812
31587370
484585634
694424783
760692412
239105320
267164843
883629556
594929835
869561858
208019715
834590972
294177569
906910429
323836387
324463962
55292229
435691773
180192244
475834298
209289156
470956758
554407007
550341688
224675623
418313873
171509040
273828453
45358566
359805644
15588442
325522138
814441693
359741879
87544930
53854448
493279870
686489133
805414053
558842665
320272534
21316335
681401388
552751711
603088810
324713213
64857296
185927891
70150330
462791930
835232824
619801518
409908312
746617359
22217188
752673845
265162921
772617693
614117423
392524062
555833960
68533395
786629906
573320978
144197210
353757391
730201874
748464949
673635864
706136719
772350866
68328167
357267378
37373161
339877065
802923403
899797860
817488084
408334988
816802430
769151924
857669891
217576611
831369046
970890730
803159821
478145624
234909761
132367265
168712597
308508836
832233612
717546922
488397393
279818507
832841246
11059655
993707467
476334523
801796401
929325051
866862665
810770765
534815494
109426687
423846099
154075703
312114569
616986500
155745340
422907334
927253800
155520703
882899885
54357704
390385318
947174530
213865827
493520584
665835512
195217059
490795018
774902974
487062117
721923380
233546996
462209069
532627022
225203833
245702521
145900167
38842860
477842053
6376698
54478694
45354579
564645044
411213674
232682177
479233078
31554523
785501819
887341569
75868674
97332035
181332780
910873835
810553544
78059888
601148049
114881500
524725688
984757821
522998926
380355939
790616299
552112203
552895491
261744883
318327301
476894722
498356559
826577192
418731679
53587671
69499729
463335373
141369657
285215203
278093236
437535356
726994332
134120321
464721482
129119547
226283024
826167865
265597372
783963420
553612946
